98
50 16 12283
68 15 52421
48 59 35175
44 72 69732
32 62 881
87 89 74566
7 74 39322
40 93 30913
91 47 30726
5 30 54359
87 88 7233
97 61 99077
37 79 55843
79 27 82225
51 21 27291
45 2 16889
37 4 97699
18 51 65230
78 13 52669
81 78 60174
28 3 7302
7 53 16281
86 67 57047
22 23 28786
51 46 14565
52 29 21045
80 63 68789
34 80 21070
62 85 86815
4 60 28263
3 1 17250
71 61 64094
51 96 47858
31 62 90848
70 71 2087
47 6 2541
68 75 80934
94 1 45451
83 88 84433
81 8 8653
36 56 19171
64 2 26704
59 66 29105
26 91 89808
29 43 29474
1 55 40738
84 60 94397
1 91 87847
49 46 69505
77 16 42731
89 72 12947
54 71 40820
42 24 40016
1 68 12370
52 25 86717
90 33 73485
82 12 46121
56 17 12550
66 1 19344
2 28 48432
36 24 2941
68 62 13994
77 89 6862
34 9 88349
95 4 15369
62 34 20189
68 86 7020
59 57 64245
12 69 80071
61 40 60452
32 58 22606
14 16 56717
77 1 92256
77 71 67735
10 87 67726
92 33 45775
19 75 39455
71 73 78405
86 76 70364
1 78 42317
98 4 97857
32 35 22308
39 71 84831
25 71 9474
63 12 38569
51 28 57433
20 55 9658
22 76 34023
45 5 10352
80 33 87392
36 16 54890
4 55 69391
11 77 62841
39 65 15033
25 7 86155
68 38 66656
37 41 29282