1000
2 2 3
3 5 7
4 13 14
82 2683 5619
5 7 22
55 2243 2349
76 335 3686
55 204 2803
46 1153 1174
78 232 364
96 8056 8558
29 30 781
66 1221 1534
50 245 1848
47 770 2007
44 1214 1234
21 121 352
13 54 61
25 442 531
83 2309 2349
67 462 3619
90 232 5632
49 802 1483
74 3632 4499
91 318 6635
58 766 1449
24 445 522
15 58 109
49 186 1028
50 1110 1805
72 3033 4206
68 1293 1438
46 70 1833
32 160 294
57 2036 2718
74 1171 5198
16 60 189
10 55 61
28 66 498
34 61 1098
47 286 850
93 908 8457
61 64 1073
58 2296 2747
64 1485 2066
51 741 2474
56 861 2685
55 356 2099
98 7441 7506
33 397 599
63 1348 2447
63 705 1325
24 266 537
31 388 512
78 4835 5617
63 2927 3025
31 500 920
95 227 6356
72 2296 3810
43 513 1197
25 346 428
86 991 5612
54 1316 1858
18 298 305
59 926 3239
89 4563 6033
40 6 880
80 1530 2296
80 4108 5931
53 2613 2750
50 1406 2191
94 139 7360
93 3658 6761
12 105 119
85 1092 4747
88 1179 7430
64 858 2248
75 36 3584
78 4863 5311
79 767 1427
15 33 131
65 207 4173
89 537 7778
9 22 54
46 1348 1996
53 691 2806
47 1193 1805
83 1275 4305
67 1584 4249
10 27 45
8 48 55
84 2193 6671
97 7617 8956
13 62 168
48 695 1999
32 43 541
76 1843 3548
33 282 673
73 79 2548
34 705 1047
38 928 1325
31 670 774
91 6600 7681
66 165 3804
26 149 184
31 182 524
32 444 751
65 1227 1301
41 1423 1524
71 1061 3040
73 831 3022
68 180 2130
28 44 424
89 5468 7165
62 1161 3797
22 18 121
60 2086 2263
37 472 519
66 1113 3269
100 4764 5301
55 107 2662
38 191 986
100 2370 6387
39 942 1362
67 17 3302
66 200 2936
16 8 54
73 4414 4496
82 2806 3548
77 2148 4011
17 51 133
9 58 62
45 1170 1978
35 796 869
59 950 1997
31 9 181
7 38 42
49 1614 1790
19 301 305
97 4646 6658
81 64 4170
22 17 76
20 309 367
82 55 874
32 367 519
90 6832 7313
17 12 20
65 2698 3506
59 99 2623
42 351 464
10 51 58
58 2112 2824
26 107 618
80 2260 4491
13 29 31
27 498 585
36 19 210
57 235 1046
68 1318 2558
75 139 3299
49 1090 1318
38 226 1387
55 1725 2527
66 1257 3120
57 6 2745
55 1030 2630
82 882 1274
35 176 1146
8 18 22
13 56 164
58 878 3086
22 229 343
62 498 3271
79 462 5887
96 1707 5392
34 560 1061
88 3395 5099
54 918 2390
13 141 154
70 1166 1554
59 1700 1778
43 1129 1833
7 2 12
87 1893 6051
44 396 1131
75 479 2876
22 43 253
17 219 239
22 16 173
76 2435 2607
75 365 404
91 1300 3911
29 186 745
78 3432 4231
45 690 1909
13 29 105
100 2281 3591
87 2124 4505
59 2475 2867
29 143 162
68 2383 3802
86 3116 5592
86 1406 4002
24 300 304
13 85 112
80 4847 6266
29 484 627
26 315 618
47 1477 1953
68 510 3427
90 5929 7467
62 1804 2953
68 1473 1619
51 1498 2327
39 73 995
96 6179 7498
51 1741 2595
57 47 1306
94 508 8240
67 162 1392
42 32 953
60 1045 1915
56 1422 2138
93 2167 7592
52 1196 2152
45 161 607
69 1834 2734
5 3 3
41 60 957
35 164 892
19 57 328
55 1432 1470
58 2358 2994
95 5997 6644
24 28 419
40 250 902
73 1082 4224
56 2958 3053
15 119 151
90 4231 5878
91 313 6497
71 3158 4808
61 742 776
63 128 2595
48 1115 1346
12 9 21
84 53 6059
96 5514 7394
35 947 954
34 106 901
68 810 1250
89 873 6847
49 1033 1632
82 391 997
31 274 386
46 1493 1565
58 2442 3204
39 22 651
34 892 985
73 347 1258
49 291 1676
64 628 1678
38 31 819
29 501 731
12 22 92
10 24 32
96 567 2390
49 1783 1964
31 74 465
70 4393 4714
97 5879 9355
55 413 1766
26 417 590
35 293 343
46 1091 1482
53 529 1148
87 3970 7503
43 285 795
58 431 1605
19 145 170
65 208 3946
20 180 296
72 1563 2027
14 50 97
23 209 341
13 108 146
76 1780 4458
43 1118 1448
97 1611 7577
100 694 4841
93 5943 7613
10 37 57
80 2139 2172
21 369 371
48 273 1779
99 6997 8933
10 30 62
40 18 144
31 46 762
20 150 168
44 1033 1397
21 195 227
76 330 3832
84 3207 4374
72 1871 2430
30 279 518
97 6561 8933
95 446 4571
62 1330 2803
72 1176 1963
66 1147 3059
79 1344 5334
39 774 1028
57 615 2950
83 602 1622
7 6 27
52 46 881
62 1094 1822
82 2913 4841
74 16 1779
15 72 112
17 162 162
6 14 35
27 154 476
53 1902 2044
50 182 1959
14 12 182
58 1690 2074
19 55 131
58 2174 3017
10 89 94
27 397 699
32 207 570
52 766 1863
39 84 1020
27 71 583
55 1019 1099
86 515 7254
60 1914 3172
62 846 1230
67 2419 3694
94 834 6207
21 382 420
16 160 181
15 102 164
81 1019 3256
99 4305 8137
21 376 381
65 760 2744
63 2099 2333
49 291 2257
77 369 1835
25 481 562
13 15 51
95 1844 5719
94 6289 8809
70 4316 4383
51 249 856
79 1603 2290
73 144 4434
77 187 408
99 3637 7288
46 717 1039
53 428 2264
95 1661 3294
92 3737 7250
59 627 3043
55 619 2217
43 621 1623
16 17 143
17 51 155
21 173 223
82 3491 5191
82 2164 4400
29 408 647
75 4604 5525
82 2975 3535
13 34 132
87 1750 7328
92 108 3035
43 1302 1335
84 1334 5333
8 13 38
67 1344 4271
50 350 1453
17 51 141
34 122 882
93 1590 5265
90 3856 5428
38 104 412
77 1203 5254
66 2616 4002
10 32 83
77 2868 4675
28 505 694
94 2157 3354
54 2035 2086
78 2633 4164
84 3115 4591
85 1336 1502
87 3397 7067
62 362 1353
19 10 114
42 1580 1619
57 662 2048
55 970 2834
15 82 116
83 2064 3318
85 3043 3729
43 1044 1829
25 539 544
71 673 2049
78 1103 2808
32 419 633
15 80 146
44 1493 1675
92 1221 5058
16 151 190
72 4070 4769
19 68 303
55 1382 2400
28 608 687
80 5756 6224
49 90 1978
100 283 1148
44 1297 1633
81 24 348
70 1807 2461
54 247 2521
80 3359 4831
57 1604 2845
34 194 435
47 1071 1702
60 1725 3097
94 5390 8355
48 1178 1611
39 179 1517
72 1605 4449
20 135 387
11 40 74
21 104 352
78 1592 3494
47 881 2183
44 405 1620
68 2120 2537
94 2723 3979
52 592 2648
53 51 660
52 661 1345
13 20 77
98 5503 7505
85 6672 7052
23 11 129
100 2446 6256
27 75 380
73 1179 2769
23 288 318
88 848 4251
94 1811 6948
94 1192 7842
60 1024 3537
41 803 1463
70 356 4446
82 2217 3550
86 1780 4696
44 33 588
77 3523 3837
42 768 1476
50 953 1765
75 3923 4435
43 209 1756
82 2747 5763
67 339 1255
26 254 540
72 2804 5039
91 4944 6516
20 330 393
76 2929 3975
70 557 3314
70 2702 4336
60 9 2839
22 323 329
99 4323 4538
79 832 2988
13 98 149
47 811 1814
73 3450 4712
18 167 260
76 1144 2604
11 57 81
86 340 2187
41 1237 1518
70 1100 4209
72 3733 4940
67 1731 2859
79 2472 3322
87 2621 4134
31 168 456
18 128 222
76 4304 4747
73 3030 3163
23 374 458
79 1123 5342
36 884 946
69 939 2009
55 2515 2920
50 1115 1571
40 1377 1405
38 15 1306
5 9 25
71 1135 2401
81 1640 2887
19 146 185
30 168 749
37 313 843
8 4 16
15 38 103
50 18 1827
49 708 1873
33 59 799
25 89 143
43 575 1389
22 60 354
11 7 48
57 763 2128
77 46 5321
75 2591 5470
63 567 3722
38 586 1384
73 1525 4964
72 4209 4422
5 13 17
73 3391 5188
54 2372 2872
66 811 3424
17 140 235
9 15 74
88 7017 7482
49 2186 2401
81 5373 5512
63 1934 3841
15 96 155
49 133 2063
54 614 754
63 1421 1896
13 58 96
62 2693 3666
54 819 2205
63 1530 2524
37 734 854
100 2185 4716
9 12 44
70 265 3948
44 349 1702
94 658 4205
55 1640 1990
87 4996 5101
83 1380 5096
60 361 3182
100 3504 8436
11 16 70
8 26 49
35 56 1016
97 3972 6591
86 312 4995
36 426 1263
6 19 26
90 2522 2856
41 192 753
35 771 1100
12 93 105
12 38 103
23 362 382
71 2558 3889
18 25 219
30 432 819
60 356 1187
8 3 41
28 185 509
64 1727 2152
23 251 460
94 2047 3610
50 329 2062
83 5068 6544
38 182 1258
91 2956 5954
86 346 4698
31 613 697
7 20 34
96 792 5452
88 1243 7464
74 2728 3581
55 563 2631
23 87 181
25 7 322
30 236 547
100 257 8170
97 5213 7411
51 250 1762
9 44 53
84 1628 5206
13 106 108
40 945 1205
56 1032 1340
87 2703 5128
52 423 1838
73 2716 4589
97 654 7470
43 735 780
26 243 417
56 1917 2505
11 21 45
39 379 1454
7 13 21
76 2465 3404
88 2208 3302
84 1094 1827
76 1961 3740
17 229 246
82 1544 4280
59 1147 2695
28 13 73
62 1912 2881
19 44 125
39 304 1468
53 54 1753
31 368 565
25 244 361
71 2281 2795
45 31 88
44 530 1064
50 1459 2487
69 948 2820
64 131 2000
64 2181 2838
80 2073 3521
65 122 3849
48 945 988
74 304 3686
67 3691 4153
24 175 179
39 263 621
6 8 15
96 3905 9142
75 2240 4597
19 75 282
85 5633 6034
34 163 657
63 1981 2153
92 375 6925
8 2 56
70 365 3220
57 227 2394
18 35 224
74 250 4004
92 2781 5567
64 986 2560
73 774 844
82 1764 4539
6 11 19
26 57 672
46 662 980
22 189 345
22 357 414
76 737 2666
10 44 59
62 1403 1468
92 1947 7997
59 1584 2419
10 48 98
94 2589 7793
70 677 1663
60 1564 2942
42 456 1141
12 109 113
15 192 210
9 43 58
13 7 166
84 514 1134
68 1122 3234
39 104 561
50 525 860
44 69 751
10 84 93
60 165 2073
24 332 410
93 1797 5332
83 2712 3006
73 163 1567
8 4 15
20 170 261
38 215 1296
41 91 691
54 686 2803
66 611 2935
64 3022 3198
22 21 396
6 19 32
89 357 3272
64 1649 1867
64 215 2318
35 886 1193
41 494 1432
81 2586 5647
24 11 566
19 151 341
95 753 8200
12 84 113
54 2017 2608
62 1141 2763
35 471 696
65 1182 2596
40 136 1389
40 1230 1285
50 139 2036
23 245 497
97 916 3795
26 208 594
61 1246 1635
76 2683 4957
55 357 2427
74 2362 5142
67 3627 3741
60 1612 3396
51 459 644
69 1012 2181
54 2514 2695
22 39 61
99 5950 7950
76 1743 3255
18 56 320
78 2914 3443
10 21 97
89 1785 3335
76 3041 5289
68 1748 3952
84 443 5750
82 4138 5949
56 463 978
12 24 48
91 1349 5101
53 352 2382
56 310 2809
19 237 289
88 2575 2902
69 3447 4637
25 115 193
68 2091 3455
85 575 3641
99 515 3725
42 817 1272
70 1260 1525
9 38 71
44 503 1235
85 2751 4072
8 13 32
97 7480 7838
88 1948 4136
59 3019 3288
31 196 855
26 52 89
99 71 9686
12 47 101
68 1325 3149
97 189 7058
33 625 859
68 458 3125
39 433 1490
26 25 181
100 5544 9274
91 3475 8112
39 371 1320
98 323 4216
100 8070 8617
90 766 3111
82 3444 5653
42 610 904
14 65 134
71 3070 4212
60 2764 3414
49 191 1282
42 900 1272
99 4412 9323
34 367 962
68 1057 3139
76 107 2607
32 465 694
100 2753 6071
28 598 762
47 441 1223
6 1 30
12 35 69
85 1839 5160
86 586 3059
12 57 70
7 27 43
87 1369 5468
24 27 147
98 4457 9280
39 353 1376
64 1539 3222
92 2601 3028
45 1173 1506
64 2803 3216
43 1702 1742
13 30 85
96 4194 4446
99 7492 8855
87 855 6652
34 294 998
98 3595 6116
12 48 138
69 485 607
47 1047 2110
19 81 267
93 2566 2832
70 1167 4575
74 1090 2411
49 1015 1840
5 2 17
55 1184 1410
36 104 447
50 696 1110
15 25 178
21 189 403
23 277 278
84 383 3019
81 951 2882
36 143 913
88 3049 3053
92 6177 7891
29 7 457
34 465 757
69 201 1425
52 49 1990
23 132 182
43 861 967
31 560 586
99 1239 2240
99 80 8782
75 3796 3819
7 16 28
38 1002 1416
80 2281 5870
27 261 477
86 2172 7074
92 1498 5667
100 5433 9479
52 945 2294
54 881 1468
23 260 518
31 373 505
80 3892 4485
80 4994 6386
72 2344 5075
97 837 8696
24 305 397
71 2816 4078
38 525 959
55 175 2786
11 64 85
52 213 1790
46 50 598
78 2536 5545
49 40 577
15 6 67
43 875 1682
39 1138 1289
49 876 978
93 4102 4435
51 2026 2324
69 76 537
20 234 332
71 1101 4611
9 18 33
50 1171 1641
59 826 1030
87 221 5507
66 3006 4151
50 1408 1707
86 1918 7160
57 754 3211
51 1434 1984
77 1591 2099
96 1162 4534
91 6106 7393
87 4467 6258
32 82 567
85 102 1577
39 455 1416
13 148 154
100 14 6281
66 1997 2199
22 222 393
99 2709 2730
22 385 464
63 2750 2933
82 350 2008
97 4484 8106
30 452 838
62 1293 1585
40 102 625
91 798 2331
38 560 718
46 150 1722
16 76 224
6 3 4
37 12 225
83 4261 6768
42 116 776
59 700 1987
23 400 464
9 20 73
49 1042 1651
79 249 4284
88 4331 4490
36 167 900
26 131 675
49 1338 2043
51 292 1593
94 4717 6999
41 384 1345
14 64 167
13 16 134
15 17 76
24 424 467
8 18 33
21 116 285
19 261 304
45 1369 1666
34 591 731
60 860 1178
15 9 26
89 4725 6294
65 333 3067
44 94 976
55 496 2907
48 93 676
29 406 552
84 839 1188
33 291 842
29 536 698
35 373 740
24 113 374
53 271 1678
64 44 2308
53 2069 2549
95 3700 7588
80 5104 5965
69 1404 2719
74 3157 3158
18 81 295
29 58 841
92 4616 7443
38 682 1406
12 38 43
28 137 247
12 111 115
40 1026 1247
7 27 28
92 1722 7045
51 535 622
64 1720 3698
18 21 55
88 4937 5103
33 62 803
50 646 1670
81 4592 5837
87 1724 3438
34 259 399
29 129 359
42 351 898
74 1694 4811
17 49 269
84 6833 7053
14 55 67
41 456 1296
43 714 1784
76 914 5191
58 290 2217
57 604 2219
21 298 331
94 6924 7771
92 2524 7204
12 4 97
40 711 1575
56 2376 2557
100 3771 6626
19 128 152
97 7982 9356
97 4183 4674
51 164 580
64 570 3720
10 21 22
68 2449 3242
89 2498 4361
59 1602 1972
23 67 251
33 314 377
31 171 904
